10.4146 0 10.4256 0 0 0 0 0 0 
10.4146 0 -13.1897 -1380.42 0 0 0 0 0 
9.06103 0 -16.5325 -1754.25 699.653 0 0 0 0 
6.6697 0 -17.3581 -1697.49 1286.63 0 0 0 0 
-4.37287 0 -17.371 -1700.99 2213.48 0 0 0 0 
-7.39547 0 -16.0344 -1035.5 2213.51 0 0 0 0 
-8.64869 0 -13.2093 -135.668 2213.51 0 0 0 0 
-6.66733 0 -9.00264 44.1614 1713.17 0 0 0 0 
-2.25855 0 -8.493 -60.5095 2298.07 0 0 0 0 
-0.683529 0 -12.4606 -975.545 2298.07 0 0 0 0 
1.79262 0 -8.49758 3.35205 2009.45 0 0 0 0 
0.286727 0 -12.4813 -840.615 2009.41 0 0 0 0 
0.188827 0 -6.17496 595.944 2009.41 0 0 0 0 
-7.19174 0 -5.99876 1078.5 3144.32 0 0 0 0 
-1.21809 0 0.330956 2004.07 4655.63 0 0 0 0 
-4.08784 0 0.325993 2018.38 3723.75 0 0 0 0 
-1.82375 0 1.38604 2112.84 4645.34 0 0 0 0 
-0.144723 0 3.15498 2774.58 5364.37 0 0 0 0 
-0.144723 0 1.61105 1828.61 5364.37 0 0 0 0 
6.55498 0 3.89593 1759.24 6578.56 0 0 0 0 
5.07009 0 1.19903 122.356 6578.56 0 0 0 0 
1.31028 0 3.96793 122.356 7686.61 0 0 0 0 
2.11364 0 2.01602 -204.223 7687.01 0 0 0 0 
2.76895 0 1.1399 -283.785 7687.74 0 0 0 0 
4.23907 0 3.3767 670.016 7780.07 0 0 0 0 
4.46231 0 7.13638 929.885 7780.76 0 0 0 0 
3.09541 0 3.82262 372.121 7780.76 0 0 0 0 
1.01344 0 6.50942 997.869 7780.76 0 0 0 0 
0.501448 0 11.3056 1548.62 7780.76 0 0 0 0 
