10.4586 0 10.4986 0 0 0 0 0 0 
10.4586 0 -12.7295 -1300.34 0 0 0 0 0 
7.05468 0 -16.9974 -1610.15 659.912 92.301 0 0 0 
4.44937 0 -13.3466 -1554.01 292.552 92.3003 0 0 0 
7.70098 0 -10.0992 -1071.43 998.216 92.3003 0 0 0 
0.94414 0 -8.63962 -1023.19 1815.18 92.3003 0 0 0 
-0.720846 0 -7.85437 -1023.19 2545.74 92.3003 0 0 0 
0.0731485 0 -6.14449 -405.087 2607.9 92.3003 0 0 0 
1.79091 0 -7.44246 -1387.8 2608.07 92.3003 0 0 0 
4.74443 0 -0.982095 -1186.07 3557.25 92.3003 0 0 0 
2.22035 0 0.195462 -1162.06 3128.97 92.3003 0 0 0 
3.47393 0 0.219042 -713.942 3129.19 92.3003 0 0 0 
4.06247 0 3.88152 191.728 3129.56 92.3003 0 0 0 
2.47358 0 7.40627 708.622 3627.74 92.3003 0 0 0 
0.927228 0 6.32495 151.846 3627.97 92.3003 0 0 0 
-0.327763 0 10.6329 1082.47 3627.97 92.3003 0 0 0 
0.253858 0 9.25239 704.429 3628.34 92.3003 0 0 0 
0.520855 0 11.5173 1419.09 3628.34 92.3003 0 0 0 
